   0.0000      0.70711       0.0000    
  0.10000      0.63899      0.19417E-01
  0.20000      0.57584      0.36940E-01
  0.30000      0.51732      0.52707E-01
  0.40000      0.46314      0.66849E-01
  0.50000      0.41302      0.79486E-01
  0.60000      0.36669      0.90731E-01
  0.70000      0.32389      0.10069    
  0.80000      0.28439      0.10946    
  0.90000      0.24798      0.11714    
   1.0000      0.21444      0.12381    
   1.1000      0.18358      0.12955    
   1.2000      0.15523      0.13443    
   1.3000      0.12920      0.13853    
   1.4000      0.10534      0.14191    
   1.5000      0.83503E-01  0.14463    
   1.6000      0.63545E-01  0.14675    
   1.7000      0.45334E-01  0.14832    
   1.8000      0.28749E-01  0.14938    
   1.9000      0.13673E-01  0.14999    
   2.0000       0.0000      0.15019    
   2.1000     -0.12372E-01  0.15000    
   2.2000     -0.23538E-01  0.14948    
   2.3000     -0.33584E-01  0.14866    
   2.4000     -0.42595E-01  0.14755    
   2.5000     -0.50647E-01  0.14621    
   2.6000     -0.57813E-01  0.14464    
   2.7000     -0.64159E-01  0.14288    
   2.8000     -0.69748E-01  0.14094    
   2.9000     -0.74640E-01  0.13886    
   3.0000     -0.78888E-01  0.13664    
   3.1000     -0.82545E-01  0.13431    
   3.2000     -0.85657E-01  0.13188    
   3.3000     -0.88270E-01  0.12937    
   3.4000     -0.90424E-01  0.12679    
   3.5000     -0.92158E-01  0.12415    
   3.6000     -0.93507E-01  0.12147    
   3.7000     -0.94506E-01  0.11875    
   3.8000     -0.95185E-01  0.11602    
   3.9000     -0.95573E-01  0.11326    
   4.0000     -0.95697E-01  0.11050    
   4.1000     -0.95581E-01  0.10774    
   4.2000     -0.95249E-01  0.10498    
   4.3000     -0.94722E-01  0.10224    
   4.4000     -0.94020E-01  0.99517E-01
   4.5000     -0.93161E-01  0.96815E-01
   4.6000     -0.92162E-01  0.94140E-01
   4.7000     -0.91039E-01  0.91496E-01
   4.8000     -0.89806E-01  0.88885E-01
   4.9000     -0.88477E-01  0.86312E-01
   5.0000     -0.87064E-01  0.83778E-01
   5.1000     -0.85579E-01  0.81286E-01
   5.2000     -0.84031E-01  0.78837E-01
   5.3000     -0.82431E-01  0.76435E-01
   5.4000     -0.80787E-01  0.74079E-01
   5.5000     -0.79107E-01  0.71771E-01
   5.6000     -0.77399E-01  0.69512E-01
   5.7000     -0.75669E-01  0.67302E-01
   5.8000     -0.73924E-01  0.65143E-01
   5.9000     -0.72169E-01  0.63034E-01
   6.0000     -0.70410E-01  0.60976E-01
   6.1000     -0.68650E-01  0.58969E-01
   6.2000     -0.66895E-01  0.57013E-01
   6.3000     -0.65147E-01  0.55107E-01
   6.4000     -0.63411E-01  0.53252E-01
   6.5000     -0.61689E-01  0.51446E-01
   6.6000     -0.59985E-01  0.49690E-01
   6.7000     -0.58300E-01  0.47982E-01
   6.8000     -0.56636E-01  0.46324E-01
   6.9000     -0.54997E-01  0.44712E-01
   7.0000     -0.53382E-01  0.43148E-01
   7.1000     -0.51794E-01  0.41630E-01
   7.2000     -0.50234E-01  0.40158E-01
   7.3000     -0.48703E-01  0.38730E-01
   7.4000     -0.47202E-01  0.37345E-01
   7.5000     -0.45731E-01  0.36004E-01
   7.6000     -0.44292E-01  0.34705E-01
   7.7000     -0.42884E-01  0.33447E-01
   7.8000     -0.41508E-01  0.32229E-01
   7.9000     -0.40165E-01  0.31050E-01
   8.0000     -0.38853E-01  0.29909E-01
   8.1000     -0.37574E-01  0.28806E-01
   8.2000     -0.36328E-01  0.27740E-01
   8.3000     -0.35113E-01  0.26709E-01
   8.4000     -0.33931E-01  0.25712E-01
   8.5000     -0.32781E-01  0.24749E-01
   8.6000     -0.31662E-01  0.23819E-01
   8.7000     -0.30574E-01  0.22921E-01
   8.8000     -0.29517E-01  0.22054E-01
   8.9000     -0.28490E-01  0.21217E-01
   9.0000     -0.27493E-01  0.20409E-01
   9.1000     -0.26526E-01  0.19629E-01
   9.2000     -0.25588E-01  0.18877E-01
   9.3000     -0.24678E-01  0.18151E-01
   9.4000     -0.23796E-01  0.17452E-01
   9.5000     -0.22941E-01  0.16777E-01
   9.6000     -0.22113E-01  0.16127E-01
   9.7000     -0.21312E-01  0.15500E-01
   9.8000     -0.20536E-01  0.14896E-01
   9.9000     -0.19784E-01  0.14314E-01
   10.000     -0.19058E-01  0.13754E-01
   10.100     -0.18355E-01  0.13214E-01
   10.200     -0.17675E-01  0.12694E-01
   10.300     -0.17018E-01  0.12193E-01
   10.400     -0.16383E-01  0.11711E-01
   10.500     -0.15770E-01  0.11247E-01
   10.600     -0.15177E-01  0.10800E-01
   10.700     -0.14605E-01  0.10371E-01
   10.800     -0.14052E-01  0.99570E-02
   10.900     -0.13519E-01  0.95591E-02
   11.000     -0.13004E-01  0.91763E-02
   11.100     -0.12507E-01  0.88081E-02
   11.200     -0.12028E-01  0.84540E-02
   11.300     -0.11566E-01  0.81135E-02
   11.400     -0.11120E-01  0.77861E-02
   11.500     -0.10690E-01  0.74713E-02
   11.600     -0.10276E-01  0.71688E-02
   11.700     -0.98765E-02  0.68779E-02
   11.800     -0.94917E-02  0.65984E-02
   11.900     -0.91209E-02  0.63298E-02
   12.000     -0.87637E-02  0.60717E-02
   12.100     -0.84197E-02  0.58237E-02
   12.200     -0.80883E-02  0.55854E-02
   12.300     -0.77693E-02  0.53566E-02
   12.400     -0.74621E-02  0.51368E-02
   12.500     -0.71664E-02  0.49257E-02
   12.600     -0.68819E-02  0.47229E-02
   12.700     -0.66080E-02  0.45282E-02
   12.800     -0.63445E-02  0.43413E-02
   12.900     -0.60909E-02  0.41618E-02
   13.000     -0.58470E-02  0.39895E-02
   13.100     -0.56124E-02  0.38242E-02
   13.200     -0.53868E-02  0.36654E-02
   13.300     -0.51698E-02  0.35131E-02
   13.400     -0.49612E-02  0.33669E-02
   13.500     -0.47606E-02  0.32266E-02
   13.600     -0.45678E-02  0.30919E-02
   13.700     -0.43825E-02  0.29628E-02
   13.800     -0.42044E-02  0.28388E-02
   13.900     -0.40333E-02  0.27200E-02
   14.000     -0.38688E-02  0.26059E-02
   14.100     -0.37108E-02  0.24965E-02
   14.200     -0.35590E-02  0.23916E-02
   14.300     -0.34131E-02  0.22910E-02
   14.400     -0.32731E-02  0.21945E-02
   14.500     -0.31386E-02  0.21020E-02
   14.600     -0.30094E-02  0.20132E-02
   14.700     -0.28853E-02  0.19282E-02
   14.800     -0.27662E-02  0.18466E-02
   14.900     -0.26519E-02  0.17684E-02
   15.000     -0.25421E-02  0.16935E-02
